D 1 6500 -22.206038 -54.861408
D 1 7090 -22.210488 -54.814373
D 1 6200 -22.218275 -54.835487
D 1 5500 -22.220977 -54.840809
D 1 6700 22.212077 -54.812485
D 1 8000 -22.217639 -54.820724
D 0 6510 -22.222670 -54.841339
D 1 3912 -22.222670 -54.841339
D 2 5631 -22.222670 -54.841339
D 0 6498 -22.220369 -54.836941
D 1 3954 -22.220369 -54.836941
D 2 5629 -22.220369 -54.836941
D 0 6549 -22.206610 -54.861301
D 1 3998 -22.206610 -54.861301
D 2 5710 -22.206610 -54.861301
D 0 6500 -22.227600 -54.830429
D 1 3899 -22.227600 -54.830429
D 2 5610 -22.227600 -54.830429
D 0 6530 -22.227970 -54.825668
D 1 3900 -22.227970 -54.000000
D 2 5612 -22.227970 -54.825668
D 0 6560 -22.222099 -54.825851
D 1 3898 -22.222099 -54.825851
D 2 5630 -22.222099 -54.825851
D 0 6654 -22.223089 -54.861301
